$ 1 0.000005 10.20027730826997 50 5 43 5e-11
w 96 304 160 304 0
g 96 384 96 416 0 0
c 96 304 96 384 4 1.0000000000000001e-7 9.99596493357918 0.001 0
r 32 304 96 304 0 1000
g 32 384 32 416 0 0
r 32 304 32 384 0 100000
R 32 304 -16 304 0 1 40 10 0 0 0.5
r 240 320 304 320 0 20300
R 224 208 192 208 0 0 40 3.3 0 0 0.5
w 224 208 304 208 0
r 304 208 304 320 0 20300
w 304 208 368 208 0
r 368 208 368 320 0 10000
w 304 320 336 320 0
w 336 320 368 320 0
r 336 320 336 400 0 10000
g 336 400 336 432 0 0
w 368 320 416 320 0
O 416 320 480 320 1 0
409 160 320 240 320 3 0.6 -21.472149340657666 0.023100000000000002 0
R 192 352 192 384 0 0 40 -12 0 0 0.5
R 192 288 192 272 0 0 40 12 0 0 0.5
w 160 336 160 416 0
w 160 416 240 416 0
w 240 416 240 320 0
o 18 64 0 4098 5 0.1 0 1
