$ 1 0.000005 10.20027730826997 50 5 43 5e-11
w 96 304 160 304 0
g 96 384 96 416 0 0
c 96 304 96 384 4 1.0000000000000001e-7 9.680189509494628 0.001 0
r 32 304 96 304 0 1000
g 32 384 32 416 0 0
r 32 304 32 384 0 100000
R 32 304 -16 304 0 1 40 10 0 0 0.5
r 160 304 224 304 0 20300
R 144 192 112 192 0 0 40 3.3 0 0 0.5
w 144 192 224 192 0
r 224 192 224 304 0 20300
w 224 192 288 192 0
r 288 192 288 304 0 10000
w 224 304 256 304 0
w 256 304 288 304 0
r 256 304 256 384 0 10000
g 256 384 256 416 0 0
w 288 304 336 304 0
O 336 304 400 304 1 0
o 18 64 0 4098 5 0.1 0 1
