$ 1 0.000005 10.20027730826997 50 5 43 5e-11
R 16 256 -32 256 0 1 40 3.3 0 0 0.5
r 16 256 16 320 0 100000
g 16 320 16 336 0 0
r 16 256 80 256 0 1000
c 80 256 80 320 4 1.0000000000000001e-7 2.5016987818597207 0.001 0
g 80 320 80 336 0 0
w 80 256 208 256 0
409 208 272 304 272 3 0.6 -16.86839671485352 0.023100000000000002 0
w 304 272 304 384 0
w 208 384 208 288 0
w 304 272 368 272 0
R 256 304 256 336 0 0 40 -15 0 0 0.5
R 256 240 256 208 0 0 40 15 0 0 0.5
R 480 256 480 224 0 0 40 15 0 0 0.5
R 480 320 480 352 0 0 40 -15 0 0 0.5
409 432 288 528 288 3 0.6 -21.94660601550348 0.023100000000000002 0
w 528 288 528 384 0
r 528 384 432 384 0 30000
w 432 304 432 384 0
r 432 384 432 448 0 15000
g 432 448 432 480 0 0
r 432 384 368 384 0 8000
w 368 384 368 272 0
w 528 288 560 288 0
O 560 288 608 288 1 0
w 208 384 304 384 0
r 368 272 432 272 0 10000
c 256 240 320 240 4 0.00001 15 0.001 0.1
g 320 240 336 240 0 0
c 480 256 544 256 4 0.00001 15 0.001 0.1
g 544 256 560 256 0 0
c 256 304 288 304 4 0.00001 -15 0.001 0.1
g 288 304 288 336 0 0
c 480 320 512 320 4 0.00001 -15 0.001 0.1
g 512 320 512 352 0 0
o 24 64 0 4098 20 0.1 0 1
