$ 1 0.0000049999999999999996 10.20027730826997 50 5 43 5e-11
v 80 256 160 256 0 1 40 10 0 0 0.5
w 80 256 80 288 0
g 80 288 80 320 0 0
O 736 256 816 256 3 1
a 256 272 352 272 9 10 -10 1000000 9.916221182287163 9.916320344498986 100000
r 160 256 208 256 0 1000
w 240 256 256 256 0
w 256 288 256 320 0
w 352 320 352 272 0
w 352 272 352 256 0
w 208 256 224 256 0
w 224 256 240 256 0
c 224 256 224 304 4 1e-8 9.916320344498986 0.001 0
g 224 304 224 336 0 0
a 528 288 608 288 9 10 -10 1000000 9.916122021066952 9.916221182287163 100000
w 352 256 352 208 0
w 352 208 400 208 0
w 400 272 432 272 0
w 432 272 464 272 0
c 464 272 464 336 4 1e-8 9.916221506676756 0.001 0.1
g 464 336 464 368 0 0
w 464 272 496 272 0
w 496 272 528 272 0
w 608 288 640 288 0
w 640 288 640 352 0
w 640 288 640 256 0
c 640 352 640 400 4 1e-11 9.916122020227162 0.001 0.1
g 640 400 640 432 0 0
c 352 320 352 384 4 1e-11 9.916221182287163 0.001 0
g 352 384 352 416 0 0
w 160 256 160 288 0
r 160 288 160 368 0 100000
g 160 368 160 384 0 0
w 688 256 704 256 0
w 704 256 736 256 0
R 608 128 560 128 0 0 40 3.3 0 0 0.5
w 608 128 688 128 0
r 736 128 736 256 0 10000
r 688 128 688 256 0 20300
w 736 256 736 288 0
r 736 288 736 336 0 10000
g 736 336 736 352 0 0
w 688 128 736 128 0
r 640 256 688 256 0 20300
w 400 208 400 272 0
r 544 352 608 352 0 10000
w 512 352 544 352 0
w 608 352 640 352 0
w 528 304 512 304 0
w 512 352 512 304 0
r 256 320 352 320 0 10000
o 3 64 0 4098 5 0.1 0 1
