$ 1 0.000005 382.76258214399064 50 5 43 5e-11
r 288 432 352 432 0 15300
R 288 432 240 432 0 0 40 5 0 0 0.5
r 352 432 416 432 0 470
w 416 432 416 304 0
g 352 512 352 544 0 0
w 544 432 544 288 0
r 416 432 544 432 0 33000
r 352 432 352 512 0 10000
w 368 272 416 272 0
w 368 272 304 272 0
w 512 288 544 288 0
409 416 288 512 288 3 0.6 -17.78308118607947 0.023100000000000002 0
R 464 320 464 352 0 0 40 -12 0 0 0.5
R 464 256 464 224 0 0 40 12 0 0 0.5
c 464 256 512 256 4 0.00001 12 0.001 0.1
c 464 320 496 320 4 0.00001 -12 0.001 0.1
g 496 320 496 352 0 0
g 512 256 512 224 0 0
g 304 240 304 208 0 0
w 544 288 576 288 0
g 288 304 288 336 0 0
c 256 304 288 304 4 0.00001 -12 0.001 0.1
c 256 240 304 240 4 0.00001 12 0.001 0.1
w 208 384 304 384 0
O 576 288 608 288 1 0
R 256 240 256 208 0 0 40 12 0 0 0.5
R 256 304 256 336 0 0 40 -12 0 0 0.5
w 208 384 208 288 0
w 304 272 304 384 0
409 208 272 304 272 3 0.6 -14.06893636778238 0.023100000000000002 0
w 80 256 208 256 0
g 80 320 80 336 0 0
c 80 256 80 320 4 1.0000000000000001e-7 2.6950288071483395 0.001 0
r 16 256 80 256 0 1000
g 16 320 16 336 0 0
r 16 256 16 320 0 100000
R 16 256 -32 256 0 1 40 0.8250000000000001 2.47 0 0.5
o 36 64 0 4099 5 0.00009765625 0 1
o 19 64 0 135427 20 0.00009765625 1 1
