$ 1 0.000005 10.20027730826997 50 5 50 5e-11
R 144 288 80 288 0 1 40 10 0 0 0.5
a 144 272 256 272 8 10 -10 1000000 -1.8984752128261062 -1.8984947924101097 100000
R 112 80 64 80 0 0 40 3.3 0 0 0.5
r 112 80 112 144 0 47000
w 112 144 160 144 0
r 112 144 112 192 0 10000
g 112 192 112 208 0 0
r 160 144 224 144 0 200000
r 224 144 320 144 0 5000
w 320 144 320 272 0
w 256 272 320 272 0
w 320 272 352 272 0
r 352 272 400 272 0 10000
a 400 256 512 256 8 10 -10 1000000 -1.957919241943832 -1.957958400328671 100000
r 400 240 352 240 0 10000
w 352 240 352 176 0
g 352 176 384 176 0 0
w 400 240 400 128 0
r 400 128 512 128 0 10000
w 512 128 512 256 0
w 512 256 576 256 0
w 144 256 144 240 0
w 144 240 144 224 0
w 144 224 160 224 0
w 160 224 224 224 0
w 224 224 224 144 0
r 576 256 576 320 0 1000
g 576 320 576 352 0 0
