$ 1 0.000005 10.20027730826997 50 5 43 5e-11
407 288 224 128 224 1025
R 512 144 560 144 0 0 40 5 0 0 0.5
r 400 224 448 224 0 1000
w 384 224 400 224 0
w 448 224 480 224 0
w 480 224 480 144 0
w 480 144 512 144 0
f 464 304 464 256 40 1.5 0.02
w 384 256 448 256 0
w 480 256 496 256 0
w 496 256 496 336 0
g 496 336 496 368 0 0
w 464 304 464 320 0
w 464 320 512 320 0
r 512 320 576 320 0 1000
R 624 320 672 320 0 0 40 3.3 0 0 0.5
s 624 320 576 320 0 1 false
w 288 224 256 224 0
w 256 224 256 144 0
R 256 144 304 144 0 0 40 24 0 0 0.5
w 288 256 208 256 0
w 208 256 208 288 0
r 208 288 208 352 0 47000
w 208 352 208 368 0
g 208 368 208 384 0 0
w 208 256 144 256 0
