$ 1 0.000005 10.20027730826997 50 5 43 5e-11
407 176 240 336 240 1
w 272 240 288 240 0
v 288 128 288 240 0 0 40 3.3 0 0 0.5
g 240 128 240 160 0 0
w 240 128 288 128 0
w 272 272 336 272 0
w 336 272 400 272 0
w 176 272 144 272 0
w 144 272 144 304 0
g 144 304 144 336 0 0
r 128 240 176 240 0 1000
s -208 240 -176 240 0 1 false
w -224 256 -224 240 0
w -224 240 -208 240 0
r 272 272 272 320 0 1000
162 272 320 272 352 2 default-led 1 0 0 0.01
g 272 352 272 368 0 0
r -64 304 -64 368 0 100000
z -16 288 -16 240 2 default-zener
w -48 240 -16 240 0
w -16 288 -16 304 0
w -16 304 -64 304 0
w -64 304 -64 288 0
w -64 368 -64 384 0
g -64 384 -64 400 0 0
f -64 288 -64 240 33 1.5 0.02
R -224 256 -256 256 0 0 40 24 0 0 0.5
c 96 304 96 256 4 1e-9 4.4481764922545243e-69 0.001 0
w 128 240 112 240 0
w 16 240 -16 240 0
w 96 304 96 320 0
g 96 320 96 336 0 0
w 112 240 96 240 0
w 96 240 96 256 0
w -144 240 -176 240 0
w -144 240 -80 240 0
r 48 256 48 320 0 10000
w 16 240 48 240 0
w 48 240 48 256 0
w 48 240 96 240 0
w 48 320 96 320 0
